predicted >> actual
271.175652608214 , 208.6902102287513  >>  271.1712951660156 , 208.63238525390625
288.3856764953615 , 209.67057671996804  >>  288.3273620605469 , 209.5996856689453
305.5460595594386 , 210.64811542896598  >>  305.5721130371094 , 210.89247131347656
322.65701626811955 , 211.62283857286465  >>  322.51129150390625 , 211.59593200683594
339.71875985541016 , 212.594758298508  >>  339.705810546875 , 212.70303344726562
356.7315023305055 , 213.5638866829689  >>  356.6415100097656 , 213.5338134765625
373.69545448657124 , 214.53023573404903  >>  373.7117614746094 , 214.60626220703125
390.6108259094502 , 215.49381739077532  >>  390.5244445800781 , 215.48199462890625
407.47782498629294 , 216.45464352389126  >>  407.5473937988281 , 216.6888427734375
270.011491508525 , 223.88757694876028  >>  270.09515380859375 , 223.65733337402344
287.39164175774346 , 224.855373735401  >>  287.4348449707031 , 224.70489501953125
304.72117056369393 , 225.82035171613802  >>  304.7778625488281 , 225.76211547851562
322.00029876486985 , 226.7825231881484  >>  322.1003723144531 , 226.7572479248047
339.22924591707175 , 227.74190037718353  >>  339.2972412109375 , 227.72413635253906
356.40823030270656 , 228.6984954380873  >>  356.3915710449219 , 228.70330810546875
373.5374689400063 , 229.65232045530928  >>  373.51068115234375 , 229.52099609375
390.6171775921663 , 230.6033874434133  >>  390.5960693359375 , 230.6360626220703
407.6475707764049 , 231.55170834758243  >>  407.6829833984375 , 231.51730346679688
268.8242847789825 , 239.38578939215725  >>  268.7055969238281 , 239.25350952148438
286.37795817890054 , 240.34032491476447  >>  286.3772277832031 , 240.3450469970703
303.88000016905346 , 241.29205281906977  >>  303.8876647949219 , 241.26785278320312
321.3306382136006 , 242.24098547414346  >>  321.4444885253906 , 242.33627319335938
338.73009844252454 , 243.18713517650582  >>  338.6007385253906 , 243.31495666503906
356.07860566139857 , 244.13051415065834  >>  356.1100158691406 , 244.15786743164062
373.37638336106835 , 245.07113454960998  >>  373.38800048828125 , 245.036865234375
390.6236537272497 , 246.0090084553993  >>  390.5092468261719 , 245.9390106201172
407.8206376500409 , 246.9441478796115  >>  407.8853454589844 , 247.05035400390625
267.61334126469995 , 255.19387013689553  >>  267.649169921875 , 255.28317260742188
285.3440373526434 , 256.1344187050521  >>  285.3628845214844 , 256.1956481933594
303.0220615352913 , 257.0721732213078  >>  303.01568603515625 , 256.95294189453125
320.64764817018755 , 258.00714611747316  >>  320.5583190917969 , 258.0874938964844
338.2210302266056 , 258.9393497517158  >>  338.22003173828125 , 258.8023376464844
355.7424392958135 , 259.8687964091053  >>  355.7558898925781 , 259.6878967285156
373.21210560124734 , 260.79549830215296  >>  373.37542724609375 , 260.7427673339844
390.63025800859464 , 261.71946757134606  >>  390.52557373046875 , 261.73046875
407.9971240357888 , 262.64071628567893  >>  408.0740051269531 , 262.7733459472656
266.37794189407225 , 271.3212061955494  >>  266.37982177734375 , 271.41534423828125
284.2892671419386 , 272.2470060637753  >>  284.26226806640625 , 272.41424560546875
302.1468482170236 , 273.1700280053325  >>  302.2181091308594 , 273.26318359375
319.95092665163287 , 274.0902845045331  >>  319.88812255859375 , 273.9867858886719
337.7017425329396 , 275.0077879709934  >>  337.64727783203125 , 274.9884033203125
355.3995345137761 , 275.92255074019164  >>  355.4185791015625 , 275.8109436035156
373.0445398233295 , 276.8345850740205  >>  372.9604797363281 , 276.74078369140625
390.63699427774174 , 277.7439031613355  >>  390.591796875 , 277.62939453125
408.17713229061445 , 278.6505171184973  >>  408.3690490722656 , 278.6531677246094
265.1173382549032 , 287.7775676030442  >>  265.1316833496094 , 287.98931884765625
283.2130104703714 , 288.6878189204914  >>  283.2682189941406 , 288.78765869140625
301.25383316679176 , 289.59531118890294  >>  301.219970703125 , 289.56536865234375
319.24005534711443 , 290.5000569336641  >>  319.37451171875 , 290.5174560546875
337.1719245093527 , 291.4020686044583  >>  337.23370361328125 , 291.3372802734375
355.04968665793587 , 292.3013585758385  >>  355.1194763183594 , 292.28167724609375
372.87358631495863 , 293.19793914779336  >>  372.748291015625 , 293.166259765625
390.6438665313294 , 294.09182254630736  >>  390.5883483886719 , 294.1143798828125
408.3607688978183 , 294.9830209239169  >>  408.56695556640625 , 295.1155700683594
263.83075108248676 , 304.57312715377606  >>  263.99835205078125 , 304.8009948730469
282.1146040389909 , 305.4669897781671  >>  282.11431884765625 , 305.54595947265625
300.3424676766902 , 306.3581151917764  >>  300.3148193359375 , 306.32647705078125
318.51459878047217 , 307.24651594832625  >>  318.38116455078125 , 307.10443115234375
336.63125256735805 , 308.1322045248892  >>  336.5487365722656 , 308.0018005371094
354.6926826984505 , 309.01519332247136  >>  354.55169677734375 , 308.833251953125
372.69914129077296 , 309.8954946665924  >>  372.5794372558594 , 309.8532409667969
390.6508789290006 , 310.77312080785816  >>  390.5726013183594 , 310.7869873046875
408.54814467708405 , 311.64808392252894  >>  408.61395263671875 , 311.7621154785156